t(ticks) ; nlug ; id_viat ; observ 
   1911  ;   49 ;     8   ; entrada
   1969  ;   50 ;     8   ; saida
   2067  ;   49 ;     3   ; entrada
   2155  ;   50 ;     3   ; saida
   2232  ;   49 ;     4   ; entrada
   2356  ;   50 ;     4   ; saida
   2413  ;   49 ;     7   ; entrada
   2449  ;   50 ;     7   ; saida
   2501  ;   49 ;    11   ; entrada
   2534  ;   50 ;    11   ; saida
   2576  ;   49 ;     2   ; entrada
   2610  ;   50 ;     2   ; saida
   2697  ;   49 ;     5   ; entrada
   2772  ;   48 ;    15   ; entrada
   2817  ;   50 ;    15   ; saida
   2861  ;   50 ;     5   ; saida
   2947  ;   49 ;     9   ; entrada
   2976  ;   50 ;     9   ; saida
   3084  ;   49 ;    10   ; entrada
   3126  ;   50 ;    10   ; saida
   3542  ;   49 ;     6   ; entrada
   3618  ;   50 ;     6   ; saida
   3687  ;   49 ;    17   ; entrada
   3723  ;   50 ;    17   ; saida
   3769  ;   49 ;    12   ; entrada
   3806  ;   50 ;    12   ; saida
   3868  ;   49 ;    13   ; entrada
   3917  ;   48 ;    16   ; entrada
   3964  ;   50 ;    16   ; saida
   4030  ;   49 ;     1   ; entrada
   4117  ;   48 ;    14   ; entrada
   4172  ;   50 ;    14   ; saida
   4217  ;   49 ;    22   ; entrada
   4286  ;   49 ;    13   ; saida
   4504  ;   49 ;     1   ; saida
   9715  ;   48 ;    18   ; entrada
   9854  ;   47 ;    25   ; entrada
   9979  ;   47 ;    20   ; entrada
  10075  ;   49 ;    20   ; saida
  10260  ;   48 ;    19   ; entrada
  10348  ;   49 ;    19   ; saida
  10414  ;   49 ;    18   ; saida
  10556  ;   49 ;    25   ; saida
  13705  ;   48 ;    23   ; entrada
  13786  ;   49 ;    23   ; saida
  13917  ;   48 ;    21   ; entrada
  14044  ;   49 ;    21   ; saida
  14129  ;   48 ;    28   ; entrada
  14239  ;   49 ;    28   ; saida
  15135  ;   48 ;    26   ; entrada
  15268  ;   47 ;    27   ; entrada
  15396  ;   48 ;    27   ; saida
  16115  ;   47 ;    30   ; entrada
  16272  ;   48 ;    30   ; saida
  17349  ;   47 ;    33   ; entrada
  17447  ;   48 ;    33   ; saida
  18247  ;   47 ;    35   ; entrada
  18360  ;   48 ;    35   ; saida
  18463  ;   47 ;    37   ; entrada
  24369  ;   46 ;    32   ; entrada
  24824  ;   45 ;    39   ; entrada
  25015  ;   46 ;    39   ; saida
  28731  ;   45 ;    38   ; entrada
  28862  ;   46 ;    38   ; saida
  29004  ;   45 ;    40   ; entrada
  44968  ;   44 ;    24   ; entrada
  45163  ;   45 ;    24   ; saida
  45411  ;   44 ;    29   ; entrada
  92311  ;   43 ;    42   ; entrada
 107671  ;   42 ;    36   ; entrada
 107841  ;   43 ;    36   ; saida
 108122  ;   42 ;    43   ; entrada
 108205  ;   43 ;    43   ; saida
 196350  ;   42 ;    48   ; entrada
 212247  ;   41 ;    46   ; entrada
 212412  ;   42 ;    46   ; saida
 242915  ;   41 ;    49   ; entrada
 243044  ;   42 ;    49   ; saida
 243379  ;   41 ;    50   ; entrada
 258690  ;   40 ;    44   ; entrada
 258934  ;   39 ;    51   ; entrada
 301332  ;   38 ;    45   ; entrada
 301474  ;   39 ;    45   ; saida
 317042  ;   38 ;    64   ; entrada
 324847  ;   37 ;    62   ; entrada
 325025  ;   38 ;    62   ; saida
 330942  ;   37 ;    60   ; entrada
 332362  ;   36 ;    67   ; entrada
 332472  ;   37 ;    67   ; saida
 332621  ;   36 ;    54   ; entrada
 343502  ;   35 ;    56   ; entrada
 343619  ;   36 ;    56   ; saida
 344188  ;   35 ;    58   ; entrada
 347879  ;   34 ;    61   ; entrada
 356170  ;   33 ;    59   ; entrada
 356280  ;   32 ;    69   ; entrada
 356443  ;   33 ;    69   ; saida
 356622  ;   32 ;    57   ; entrada
 356724  ;   31 ;    52   ; entrada
 356819  ;   32 ;    52   ; saida
 365172  ;   31 ;    55   ; entrada
 422558  ;   30 ;    71   ; entrada
 514516  ;   29 ;    73   ; entrada
 514561  ;   28 ;    70   ; entrada
 514656  ;   29 ;    70   ; saida
 514821  ;   30 ;    73   ; saida
 529904  ;   29 ;    76   ; entrada
 556891  ;   28 ;    75   ; entrada
 557115  ;   29 ;    75   ; saida
 577475  ;   28 ;    77   ; entrada
 596653  ;   27 ;    74   ; entrada
 596773  ;   28 ;    74   ; saida
 612206  ;   27 ;    79   ; entrada
 612282  ;   28 ;    79   ; saida
 637139  ;   27 ;    81   ; entrada
 668926  ;   26 ;    82   ; entrada
 669075  ;   27 ;    82   ; saida
 672229  ;   26 ;    83   ; entrada
 672291  ;   27 ;    83   ; saida
 672456  ;   26 ;    84   ; entrada
 672516  ;   27 ;    84   ; saida
 790864  ;   26 ;    86   ; entrada
 803335  ;   25 ;    90   ; entrada
 803462  ;   26 ;    90   ; saida
 818666  ;   25 ;    91   ; entrada
 818730  ;   26 ;    91   ; saida
 831534  ;   25 ;    94   ; entrada
 831614  ;   26 ;    94   ; saida
 840189  ;   25 ;    89   ; entrada
 840285  ;   26 ;    89   ; saida
 868826  ;   25 ;    87   ; entrada
 868905  ;   26 ;    87   ; saida
 869393  ;   25 ;    85   ; entrada
 879715  ;   24 ;    93   ; entrada
 895574  ;   23 ;   117   ; entrada
 908989  ;   22 ;   135   ; entrada
 909407  ;   21 ;   131   ; entrada
 924871  ;   20 ;   119   ; entrada
 940186  ;   19 ;   137   ; entrada
 940761  ;   18 ;   140   ; entrada
 952111  ;   17 ;   100   ; entrada
 952179  ;   16 ;   619   ; entrada
 952234  ;   16 ;   139   ; entrada
 952282  ;   16 ;   218   ; entrada
 952335  ;   17 ;   218   ; saida
 952459  ;   16 ;   251   ; entrada
 952513  ;   17 ;   251   ; saida
 952604  ;   16 ;   246   ; entrada
 952657  ;   17 ;   246   ; saida
 952748  ;   16 ;   233   ; entrada
 966481  ;   15 ;   248   ; entrada
 966584  ;   14 ;   187   ; entrada
 966652  ;   15 ;   187   ; saida
 966743  ;   15 ;   100   ; saida
 966842  ;   14 ;   116   ; entrada
 982094  ;   13 ;   161   ; entrada
 982159  ;   12 ;   144   ; entrada
 991009  ;   11 ;   324   ; entrada
 991136  ;   12 ;   324   ; saida
 991406  ;   11 ;   186   ; entrada
 991491  ;   12 ;   186   ; saida
 992185  ;   11 ;   234   ; entrada
 995110  ;   10 ;   222   ; entrada
 995923  ;    9 ;    98   ; entrada
 996133  ;    8 ;   195   ; entrada
 996197  ;    7 ;   617   ; entrada
 996299  ;    8 ;   617   ; saida
 996821  ;    7 ;   618   ; entrada
 996909  ;    8 ;   618   ; saida
1011245  ;    7 ;   325   ; entrada
1011371  ;    8 ;   325   ; saida
1011709  ;    7 ;   242   ; entrada
1011802  ;    8 ;   242   ; saida
1011940  ;    7 ;   241   ; entrada
1027068  ;    6 ;   249   ; entrada
1027108  ;    5 ;   191   ; entrada
1027510  ;    4 ;   260   ; entrada
1027600  ;    5 ;   260   ; saida
1027754  ;    4 ;   267   ; entrada
1027817  ;    5 ;   267   ; saida
1027923  ;    4 ;   265   ; entrada
1027981  ;    5 ;   265   ; saida
1028058  ;    4 ;   239   ; entrada
1028132  ;    3 ;   343   ; entrada
1028217  ;    4 ;   343   ; saida
1028367  ;    3 ;   255   ; entrada
1028447  ;    4 ;   255   ; saida
1028610  ;    3 ;   257   ; entrada
1028690  ;    4 ;   257   ; saida
1028845  ;    3 ;   256   ; entrada
1028923  ;    4 ;   256   ; saida
1029079  ;    3 ;   341   ; entrada
1029157  ;    4 ;   341   ; saida
1029310  ;    3 ;   327   ; entrada
1032712  ;    2 ;   197   ; entrada
1043422  ;    3 ;   197   ; saida
1043687  ;    2 ;   279   ; entrada
1043775  ;    3 ;   279   ; saida
1044157  ;    2 ;   275   ; entrada
1044241  ;    3 ;   275   ; saida
1044475  ;    2 ;   276   ; entrada
1053685  ;    1 ;   278   ; entrada
1055287  ;    0 ;   125   ; entrada
1069568  ;    0 ;   216   ; cheio!
1069680  ;    0 ;   422   ; cheio!
1069719  ;    0 ;   423   ; cheio!
1069768  ;    0 ;   250   ; cheio!
1069797  ;    0 ;   428   ; cheio!
1069847  ;    0 ;   441   ; cheio!
1069905  ;    0 ;   149   ; cheio!
1069986  ;    0 ;   280   ; cheio!
1070024  ;    0 ;   434   ; cheio!
1093808  ;    0 ;   219   ; cheio!
1118605  ;    0 ;   227   ; cheio!
1118975  ;    0 ;   229   ; cheio!
1119233  ;    0 ;   269   ; cheio!
1120796  ;    0 ;   236   ; cheio!
1121142  ;    0 ;   126   ; cheio!
1121275  ;    0 ;   127   ; cheio!
1130763  ;    0 ;   264   ; cheio!
1130848  ;    0 ;   328   ; cheio!
1130918  ;    0 ;   200   ; cheio!
1130997  ;    0 ;   231   ; cheio!
1131084  ;    0 ;   579   ; cheio!
1131156  ;    0 ;   190   ; cheio!
1131357  ;    0 ;   238   ; cheio!
1131532  ;    0 ;   240   ; cheio!
1131692  ;    0 ;   198   ; cheio!
1131856  ;    0 ;   225   ; cheio!
1131946  ;    0 ;   252   ; cheio!
1144817  ;    0 ;   268   ; cheio!
1145641  ;    0 ;   272   ; cheio!
1145720  ;    0 ;   585   ; cheio!
1145842  ;    0 ;   463   ; cheio!
1145998  ;    0 ;   203   ; cheio!
1146209  ;    0 ;   201   ; cheio!
1146410  ;    0 ;   274   ; cheio!
1146833  ;    0 ;   273   ; cheio!
1147228  ;    0 ;   429   ; cheio!
1147328  ;    0 ;   124   ; cheio!
1147445  ;    0 ;   588   ; cheio!
1147601  ;    0 ;   589   ; cheio!
1147755  ;    0 ;   613   ; cheio!
1147907  ;    0 ;   329   ; cheio!
1148084  ;    0 ;   616   ; cheio!
1148220  ;    0 ;   330   ; cheio!
1148328  ;    0 ;   614   ; cheio!
1148463  ;    0 ;   615   ; cheio!
1148642  ;    0 ;   612   ; cheio!
1148826  ;    0 ;   207   ; cheio!
1149016  ;    0 ;   331   ; cheio!
1149197  ;    0 ;   208   ; cheio!
1149376  ;    0 ;   206   ; cheio!
1149555  ;    0 ;   621   ; cheio!
1149739  ;    0 ;   611   ; cheio!
1149921  ;    0 ;   563   ; cheio!
1150069  ;    0 ;   620   ; cheio!
1150247  ;    0 ;   213   ; cheio!
1150432  ;    0 ;   465   ; cheio!
1160466  ;    0 ;   431   ; cheio!
1160525  ;    0 ;   271   ; cheio!
1165842  ;    0 ;   284   ; cheio!
1165941  ;    0 ;   128   ; cheio!
1166208  ;    0 ;   143   ; cheio!
1166614  ;    0 ;   426   ; cheio!
1166769  ;    0 ;   438   ; cheio!
1166920  ;    0 ;   159   ; cheio!
1167072  ;    0 ;   158   ; cheio!
1167476  ;    0 ;   118   ; cheio!
1167625  ;    0 ;   619   ; saida
1167736  ;    0 ;   433   ; cheio!
1167890  ;    0 ;   437   ; cheio!
1168037  ;    0 ;   415   ; cheio!
1168108  ;    0 ;   333   ; cheio!
1188132  ;    0 ;   440   ; cheio!
1188374  ;    0 ;   287   ; cheio!
1188590  ;    0 ;   470   ; cheio!
1188798  ;    0 ;   637   ; cheio!
1189092  ;    0 ;   478   ; cheio!
1189298  ;    0 ;   475   ; cheio!
1189506  ;    0 ;   467   ; cheio!
1190020  ;    0 ;   468   ; cheio!
1190082  ;    0 ;   270   ; cheio!
1190220  ;    0 ;   480   ; cheio!
1190367  ;    0 ;   481   ; cheio!
1190569  ;    0 ;   472   ; cheio!
1190967  ;    0 ;   483   ; cheio!
1203111  ;    0 ;   436   ; cheio!
1203327  ;    0 ;   164   ; cheio!
1203400  ;    0 ;   283   ; cheio!
1203577  ;    0 ;    96   ; cheio!
1203787  ;    0 ;   292   ; cheio!
1203988  ;    0 ;   156   ; cheio!
1204183  ;    0 ;   289   ; cheio!
1204369  ;    0 ;   162   ; cheio!
1204561  ;    0 ;   291   ; cheio!
1204753  ;    0 ;   145   ; cheio!
1204823  ;    0 ;   466   ; cheio!
1214053  ;    0 ;   165   ; cheio!
1214290  ;    0 ;   421   ; cheio!
1214373  ;    0 ;   471   ; cheio!
1214552  ;    0 ;   155   ; cheio!
1214740  ;    0 ;   435   ; cheio!
1214804  ;    0 ;   477   ; cheio!
1215004  ;    0 ;   148   ; cheio!
1215193  ;    0 ;   425   ; cheio!
1215387  ;    0 ;   427   ; cheio!
1215574  ;    0 ;   430   ; cheio!
1215760  ;    0 ;   432   ; cheio!
1215941  ;    0 ;   420   ; cheio!
1216123  ;    0 ;   442   ; cheio!
1216310  ;    0 ;   443   ; cheio!
1216500  ;    0 ;   419   ; cheio!
1216688  ;    0 ;   439   ; cheio!
1216876  ;    0 ;   418   ; cheio!
1217060  ;    0 ;   416   ; cheio!
1217251  ;    0 ;   417   ; cheio!
1217430  ;    0 ;   414   ; cheio!
1217613  ;    0 ;   326   ; cheio!
1217837  ;    0 ;   261   ; cheio!
1217987  ;    0 ;   263   ; cheio!
1218136  ;    0 ;   336   ; cheio!
1218450  ;    0 ;   340   ; cheio!
1218624  ;    0 ;   342   ; cheio!
1218821  ;    0 ;   339   ; cheio!
1219016  ;    0 ;   337   ; cheio!
1219217  ;    0 ;   338   ; cheio!
1219412  ;    0 ;   346   ; cheio!
1219610  ;    0 ;   212   ; cheio!
1219814  ;    0 ;   344   ; cheio!
1220007  ;    0 ;   303   ; cheio!
1220214  ;    0 ;   302   ; cheio!
1220396  ;    0 ;   413   ; cheio!
1220529  ;    0 ;   301   ; cheio!
1220816  ;    0 ;   332   ; cheio!
1232372  ;    0 ;   300   ; cheio!
1232822  ;    0 ;   298   ; cheio!
1233023  ;    0 ;   299   ; cheio!
1233091  ;    0 ;   493   ; cheio!
1233210  ;    0 ;    97   ; cheio!
1233288  ;    0 ;   489   ; cheio!
1233392  ;    0 ;   297   ; cheio!
1233512  ;    0 ;   490   ; cheio!
1248045  ;    0 ;   295   ; cheio!
1248124  ;    0 ;   294   ; cheio!
1248196  ;    0 ;   293   ; cheio!
1249753  ;    0 ;   335   ; cheio!
1263427  ;    0 ;   334   ; cheio!
1263529  ;    0 ;   657   ; cheio!
1263924  ;    0 ;   635   ; cheio!
1264198  ;    0 ;   636   ; cheio!
1278298  ;    0 ;   171   ; cheio!
1278396  ;    0 ;   184   ; cheio!
1278489  ;    0 ;   183   ; cheio!
1278591  ;    0 ;   178   ; cheio!
1278716  ;    0 ;   175   ; cheio!
1278840  ;    0 ;   170   ; cheio!
1278960  ;    0 ;   177   ; cheio!
1279061  ;    0 ;   169   ; cheio!
1279133  ;    0 ;   174   ; cheio!
1279206  ;    0 ;   581   ; cheio!
1279286  ;    0 ;   491   ; cheio!
1279411  ;    0 ;   266   ; cheio!
1279535  ;    0 ;   209   ; cheio!
1279657  ;    0 ;   485   ; cheio!
1279749  ;    0 ;   460   ; cheio!
1279880  ;    0 ;   459   ; cheio!
1280026  ;    0 ;   446   ; cheio!
1280167  ;    0 ;   450   ; cheio!
1280309  ;    0 ;   457   ; cheio!
1280448  ;    0 ;   456   ; cheio!
1280583  ;    0 ;   448   ; cheio!
1280718  ;    0 ;   445   ; cheio!
1280854  ;    0 ;   453   ; cheio!
1280991  ;    0 ;   451   ; cheio!
1281127  ;    0 ;   452   ; cheio!
1281265  ;    0 ;   632   ; cheio!
1281405  ;    0 ;   629   ; cheio!
1281542  ;    0 ;   577   ; cheio!
1281683  ;    0 ;   461   ; cheio!
1281830  ;    0 ;   462   ; cheio!
1281996  ;    0 ;   628   ; cheio!
1282188  ;    0 ;   625   ; cheio!
1282377  ;    0 ;   627   ; cheio!
1282530  ;    0 ;   626   ; cheio!
1282688  ;    0 ;   630   ; cheio!
1282875  ;    0 ;   396   ; cheio!
1283161  ;    0 ;   410   ; cheio!
1283566  ;    0 ;   211   ; cheio!
1283827  ;    0 ;   210   ; cheio!
1284016  ;    0 ;   232   ; cheio!
1284217  ;    0 ;   223   ; cheio!
1306431  ;    0 ;   631   ; cheio!
1306504  ;    0 ;   578   ; cheio!
1306633  ;    0 ;   582   ; cheio!
1306798  ;    0 ;   205   ; cheio!
1306920  ;    0 ;   584   ; cheio!
1307017  ;    0 ;   580   ; cheio!
1307087  ;    0 ;   586   ; cheio!
1307232  ;    0 ;   464   ; cheio!
1307298  ;    0 ;   281   ; cheio!
1307500  ;    0 ;   424   ; cheio!
1307725  ;    0 ;   345   ; cheio!
1307848  ;    0 ;   296   ; cheio!
1308093  ;    0 ;   494   ; cheio!
1308402  ;    0 ;   495   ; cheio!
1308543  ;    0 ;   492   ; cheio!
1308670  ;    0 ;   624   ; cheio!
1308790  ;    0 ;   488   ; cheio!
1309049  ;    0 ;   623   ; cheio!
1309181  ;    0 ;   487   ; cheio!
1309291  ;    0 ;   500   ; cheio!
1309441  ;    0 ;   634   ; cheio!
1309639  ;    0 ;   498   ; cheio!
1309768  ;    0 ;   181   ; cheio!
1310029  ;    0 ;   486   ; cheio!
1310291  ;    0 ;   497   ; cheio!
2091730  ;    0 ;   658   ; cheio!
2115650  ;    0 ;   524   ; cheio!
2138165  ;    0 ;   662   ; cheio!
2138261  ;    0 ;   660   ; cheio!
2138340  ;    0 ;   659   ; cheio!
2138680  ;    0 ;   661   ; cheio!
2152455  ;    0 ;   109   ; cheio!
2182498  ;    0 ;   380   ; cheio!
2182580  ;    0 ;   379   ; cheio!
2198226  ;    0 ;   395   ; cheio!
2198254  ;    0 ;   398   ; cheio!
2198291  ;    0 ;   314   ; cheio!
2213263  ;    0 ;   321   ; cheio!
2213736  ;    0 ;   555   ; cheio!
2214241  ;    0 ;   351   ; cheio!
2214485  ;    0 ;   349   ; cheio!
2214757  ;    0 ;   571   ; cheio!
2215010  ;    0 ;   519   ; cheio!
2215182  ;    0 ;   512   ; cheio!
2215636  ;    0 ;   648   ; cheio!
2215974  ;    0 ;   309   ; cheio!
2216423  ;    0 ;   525   ; cheio!
2216661  ;    0 ;   534   ; cheio!
2216844  ;    0 ;   310   ; cheio!
2216984  ;    0 ;   308   ; cheio!
2217153  ;    0 ;   663   ; cheio!
2217297  ;    0 ;   546   ; cheio!
2217695  ;    0 ;   574   ; cheio!
2218148  ;    0 ;   112   ; cheio!
2218601  ;    0 ;   319   ; cheio!
2218881  ;    0 ;   538   ; cheio!
2219345  ;    0 ;   108   ; cheio!
2219602  ;    0 ;   520   ; cheio!
2219776  ;    0 ;   258   ; cheio!
2220026  ;    0 ;   514   ; cheio!
2227819  ;    0 ;   317   ; cheio!
2227987  ;    0 ;   647   ; cheio!
2228513  ;    0 ;   511   ; cheio!
2228578  ;    0 ;   304   ; cheio!
2228651  ;    0 ;   656   ; cheio!
2228844  ;    0 ;   315   ; cheio!
2228876  ;    0 ;   550   ; cheio!
2243831  ;    0 ;   393   ; cheio!
2244042  ;    0 ;   371   ; cheio!
2244340  ;    0 ;   532   ; cheio!
2244571  ;    0 ;   381   ; cheio!
2244709  ;    0 ;   557   ; cheio!
2244823  ;    0 ;   107   ; cheio!
2244891  ;    0 ;   556   ; cheio!
2245049  ;    0 ;   390   ; cheio!
2257585  ;    0 ;   407   ; cheio!
2257873  ;    0 ;   540   ; cheio!
2257963  ;    0 ;   386   ; cheio!
2258090  ;    0 ;   536   ; cheio!
2258244  ;    0 ;   401   ; cheio!
2258511  ;    0 ;   384   ; cheio!
2258762  ;    0 ;   547   ; cheio!
2258840  ;    0 ;   554   ; cheio!
2258955  ;    0 ;   102   ; cheio!
2259034  ;    0 ;   528   ; cheio!
2259092  ;    0 ;   400   ; cheio!
2259196  ;    0 ;   669   ; cheio!
2259324  ;    0 ;   389   ; cheio!
2260656  ;    0 ;   653   ; cheio!
2271531  ;    0 ;   363   ; cheio!
2271777  ;    0 ;   245   ; cheio!
2271937  ;    0 ;   356   ; cheio!
2272281  ;    0 ;   677   ; cheio!
2287134  ;    0 ;   199   ; cheio!
2287169  ;    0 ;   411   ; cheio!
2287422  ;    0 ;   671   ; cheio!
2287472  ;    0 ;   639   ; cheio!
2287541  ;    0 ;   539   ; cheio!
2302544  ;    0 ;   114   ; cheio!
2302820  ;    0 ;   542   ; cheio!
2302913  ;    0 ;   551   ; cheio!
2303002  ;    0 ;   402   ; cheio!
2303126  ;    0 ;   531   ; cheio!
2303312  ;    0 ;   560   ; cheio!
2303422  ;    0 ;   504   ; cheio!
2303605  ;    0 ;   678   ; cheio!
2303730  ;    0 ;   167   ; cheio!
2304120  ;    0 ;   640   ; cheio!
2304297  ;    0 ;   566   ; cheio!
2304628  ;    0 ;   115   ; cheio!
2304753  ;    0 ;   350   ; cheio!
2305019  ;    0 ;   505   ; cheio!
2305513  ;    0 ;   509   ; cheio!
2317335  ;    0 ;   378   ; cheio!
2317578  ;    0 ;   387   ; cheio!
2333164  ;    0 ;   561   ; cheio!
2333337  ;    0 ;   510   ; cheio!
2333665  ;    0 ;   322   ; cheio!
2333938  ;    0 ;   633   ; cheio!
2334237  ;    0 ;   565   ; cheio!
2334706  ;    0 ;   667   ; cheio!
2334819  ;    0 ;   664   ; cheio!
2334906  ;    0 ;   675   ; cheio!
2335285  ;    0 ;   672   ; cheio!
2335452  ;    0 ;   673   ; cheio!
2335629  ;    0 ;   562   ; cheio!
2335874  ;    0 ;   517   ; cheio!
2336168  ;    0 ;   568   ; cheio!
2336362  ;    0 ;   391   ; cheio!
2336652  ;    0 ;   507   ; cheio!
2336791  ;    0 ;   521   ; cheio!
2337256  ;    0 ;   105   ; cheio!
2337501  ;    0 ;   103   ; cheio!
2337634  ;    0 ;   684   ; cheio!
2338035  ;    0 ;   535   ; cheio!
2338304  ;    0 ;   545   ; cheio!
2338755  ;    0 ;   369   ; cheio!
2339197  ;    0 ;   403   ; cheio!
2339497  ;    0 ;   399   ; cheio!
2339767  ;    0 ;   373   ; cheio!
2340195  ;    0 ;   548   ; cheio!
2340475  ;    0 ;   360   ; cheio!
2340751  ;    0 ;   366   ; cheio!
2340998  ;    0 ;   355   ; cheio!
2341406  ;    0 ;   668   ; cheio!
2344733  ;    0 ;   679   ; cheio!
2344935  ;    0 ;   676   ; cheio!
2345072  ;    0 ;   666   ; cheio!
2345271  ;    0 ;   352   ; cheio!
2490825  ;    0 ;   681   ; cheio!
2491196  ;    0 ;   686   ; cheio!
2497973  ;    0 ;   685   ; cheio!
2546439  ;    0 ;   680   ; cheio!
2547785  ;    0 ;   682   ; cheio!
2631046  ;    0 ;   689   ; cheio!
2631088  ;    0 ;   690   ; cheio!
2637909  ;    0 ;   695   ; cheio!
2640694  ;    0 ;   694   ; cheio!
2658611  ;    0 ;   687   ; cheio!
2658735  ;    0 ;   688   ; cheio!
2658867  ;    0 ;   697   ; cheio!
2659198  ;    0 ;   693   ; cheio!
2659334  ;    0 ;   692   ; cheio!
2701937  ;    0 ;   701   ; cheio!
2702177  ;    0 ;   700   ; cheio!
2761467  ;    0 ;   699   ; cheio!
2785401  ;    0 ;   710   ; cheio!
2792324  ;    0 ;   705   ; cheio!
2792393  ;    0 ;   712   ; cheio!
2805495  ;    0 ;   711   ; cheio!
2822707  ;    0 ;   997   ; cheio!
2823960  ;    0 ;  1026   ; cheio!
2825440  ;    0 ;   937   ; cheio!
2850023  ;    0 ;   716   ; cheio!
2850276  ;    0 ;   987   ; cheio!
2864064  ;    0 ;   982   ; cheio!
2864704  ;    0 ;  1005   ; cheio!
2864794  ;    0 ;   958   ; cheio!
2864879  ;    0 ;   954   ; cheio!
2864962  ;    0 ;  1032   ; cheio!
2865063  ;    0 ;  1042   ; cheio!
2865158  ;    0 ;  1045   ; cheio!
2865254  ;    0 ;   892   ; cheio!
2865360  ;    0 ;   922   ; cheio!
2865865  ;    0 ;   977   ; cheio!
2865995  ;    0 ;   940   ; cheio!
2866122  ;    0 ;  1055   ; cheio!
2866253  ;    0 ;   901   ; cheio!
2866378  ;    0 ;   921   ; cheio!
2866481  ;    0 ;   976   ; cheio!
2866576  ;    0 ;   883   ; cheio!
2866680  ;    0 ;   939   ; cheio!
2866879  ;    0 ;   986   ; cheio!
2867024  ;    0 ;   890   ; cheio!
2867122  ;    0 ;   991   ; cheio!
2867265  ;    0 ;   884   ; cheio!
2867413  ;    0 ;   996   ; cheio!
2867555  ;    0 ;   891   ; cheio!
2867697  ;    0 ;   995   ; cheio!
2867839  ;    0 ;   889   ; cheio!
2868036  ;    0 ;   994   ; cheio!
2868131  ;    0 ;   950   ; cheio!
2868314  ;    0 ;  1068   ; cheio!
2868407  ;    0 ;   948   ; cheio!
2868499  ;    0 ;  1033   ; cheio!
2868662  ;    0 ;   897   ; cheio!
2868906  ;    0 ;   745   ; cheio!
2869036  ;    0 ;   979   ; cheio!
2869302  ;    0 ;   729   ; cheio!
2869432  ;    0 ;  1078   ; cheio!
2869558  ;    0 ;   740   ; cheio!
2869822  ;    0 ;  1084   ; cheio!
2869946  ;    0 ;   748   ; cheio!
2870089  ;    0 ;   757   ; cheio!
2870340  ;    0 ;   761   ; cheio!
2870468  ;    0 ;   765   ; cheio!
2870596  ;    0 ;   771   ; cheio!
2870850  ;    0 ;   769   ; cheio!
2870986  ;    0 ;   966   ; cheio!
2871248  ;    0 ;   983   ; cheio!
2871379  ;    0 ;  1017   ; cheio!
2871537  ;    0 ;  1027   ; cheio!
2871798  ;    0 ;  1036   ; cheio!
2871930  ;    0 ;  1046   ; cheio!
2872196  ;    0 ;  1057   ; cheio!
2872327  ;    0 ;  1025   ; cheio!
2872566  ;    0 ;   907   ; cheio!
2872664  ;    0 ;   902   ; cheio!
2872893  ;    0 ;  1012   ; cheio!
2873024  ;    0 ;   744   ; cheio!
2873291  ;    0 ;  1028   ; cheio!
2873558  ;    0 ;  1077   ; cheio!
2873687  ;    0 ;  1079   ; cheio!
2873939  ;    0 ;  1082   ; cheio!
2874195  ;    0 ;   742   ; cheio!
2874461  ;    0 ;   726   ; cheio!
2874730  ;    0 ;   749   ; cheio!
2874993  ;    0 ;   755   ; cheio!
2875261  ;    0 ;   758   ; cheio!
2875526  ;    0 ;   766   ; cheio!
2875791  ;    0 ;   775   ; cheio!
2876105  ;    0 ;   772   ; cheio!
2876916  ;    0 ;   973   ; cheio!
2876983  ;    0 ;   946   ; cheio!
2904081  ;    0 ;   990   ; cheio!
2904330  ;    0 ;  1016   ; cheio!
2904450  ;    0 ;  1100   ; cheio!
2904562  ;    0 ;  1062   ; cheio!
2904672  ;    0 ;   731   ; cheio!
2913131  ;    0 ;  1088   ; cheio!
2913261  ;    0 ;  1108   ; cheio!
2913369  ;    0 ;  1112   ; cheio!
2913477  ;    0 ;  1090   ; cheio!
2913583  ;    0 ;  1113   ; cheio!
2913691  ;    0 ;  1115   ; cheio!
2917661  ;    0 ;   953   ; cheio!
2917809  ;    0 ;   952   ; cheio!
2918020  ;    0 ;  1039   ; cheio!
2918310  ;    0 ;  1048   ; cheio!
2918417  ;    0 ;  1056   ; cheio!
2918515  ;    0 ;   961   ; cheio!
2918612  ;    0 ;   918   ; cheio!
2918709  ;    0 ;   900   ; cheio!
2921228  ;    0 ;  1020   ; cheio!
2921304  ;    0 ;  1000   ; cheio!
2925588  ;    0 ;  1014   ; cheio!
2925693  ;    0 ;  1007   ; cheio!
2925782  ;    0 ;  1006   ; cheio!
2925869  ;    0 ;  1031   ; cheio!
2925956  ;    0 ;  1029   ; cheio!
2926057  ;    0 ;   734   ; cheio!
2926154  ;    0 ;   735   ; cheio!
2926267  ;    0 ;   739   ; cheio!
2926400  ;    0 ;   768   ; cheio!
2926530  ;    0 ;   778   ; cheio!
2926662  ;    0 ;   770   ; cheio!
2926791  ;    0 ;  1083   ; cheio!
2926926  ;    0 ;  1087   ; cheio!
2927059  ;    0 ;  1101   ; cheio!
2935169  ;    0 ;  1106   ; cheio!
2935304  ;    0 ;  1086   ; cheio!
2935436  ;    0 ;  1098   ; cheio!
2935573  ;    0 ;  1103   ; cheio!
2935703  ;    0 ;  1093   ; cheio!
2936644  ;    0 ;  1054   ; cheio!
2940829  ;    0 ;   721   ; cheio!
2940916  ;    0 ;   912   ; cheio!
2941013  ;    0 ;  1013   ; cheio!
2941126  ;    0 ;   963   ; cheio!
2941194  ;    0 ;   964   ; cheio!
2941342  ;    0 ;  1049   ; cheio!
2941472  ;    0 ;  1010   ; cheio!
2941595  ;    0 ;  1038   ; cheio!
2941732  ;    0 ;   985   ; cheio!
2941857  ;    0 ;  1021   ; cheio!
2941987  ;    0 ;   722   ; cheio!
2942143  ;    0 ;   867   ; cheio!
2942270  ;    0 ;   823   ; cheio!
2942431  ;    0 ;   935   ; cheio!
2942552  ;    0 ;   842   ; cheio!
2942681  ;    0 ;   840   ; cheio!
2942905  ;    0 ;   930   ; cheio!
2943029  ;    0 ;   790   ; cheio!
2943160  ;    0 ;   831   ; cheio!
2943289  ;    0 ;   791   ; cheio!
2943414  ;    0 ;   879   ; cheio!
2943540  ;    0 ;   847   ; cheio!
2943668  ;    0 ;   936   ; cheio!
2943814  ;    0 ;   834   ; cheio!
2943942  ;    0 ;   818   ; cheio!
2944074  ;    0 ;   857   ; cheio!
2944205  ;    0 ;   878   ; cheio!
2944384  ;    0 ;   849   ; cheio!
2944510  ;    0 ;   810   ; cheio!
2944639  ;    0 ;   927   ; cheio!
2945186  ;    0 ;   832   ; cheio!
2945310  ;    0 ;   806   ; cheio!
2945466  ;    0 ;   841   ; cheio!
2945679  ;    0 ;   717   ; cheio!
2945926  ;    0 ;  1094   ; cheio!
2947138  ;    0 ;  1158   ; cheio!
2947270  ;    0 ;  1110   ; cheio!
2947466  ;    0 ;  1160   ; cheio!
2947583  ;    0 ;  1164   ; cheio!
2947773  ;    0 ;  1166   ; cheio!
2947892  ;    0 ;  1109   ; cheio!
2948078  ;    0 ;  1152   ; cheio!
2948244  ;    0 ;  1154   ; cheio!
2948359  ;    0 ;   802   ; cheio!
2948543  ;    0 ;  1162   ; cheio!
2948710  ;    0 ;   817   ; cheio!
2948826  ;    0 ;  1085   ; cheio!
2949022  ;    0 ;   793   ; cheio!
2949140  ;    0 ;  1137   ; cheio!
2949312  ;    0 ;   813   ; cheio!
2949528  ;    0 ;  1156   ; cheio!
2949640  ;    0 ;   824   ; cheio!
2949840  ;    0 ;  1165   ; cheio!
2950010  ;    0 ;   784   ; cheio!
2950123  ;    0 ;  1167   ; cheio!
2950297  ;    0 ;   839   ; cheio!
2950432  ;    0 ;  1169   ; cheio!
2950615  ;    0 ;   872   ; cheio!
2950810  ;    0 ;  1170   ; cheio!
2950921  ;    0 ;   704   ; cheio!
2951122  ;    0 ;  1171   ; cheio!
2951196  ;    0 ;  1368   ; cheio!
2951381  ;    0 ;  1424   ; cheio!
2951528  ;    0 ;  1423   ; cheio!
2951670  ;    0 ;  1362   ; cheio!
2951818  ;    0 ;  1333   ; cheio!
2951955  ;    0 ;  1360   ; cheio!
2952091  ;    0 ;  1135   ; cheio!
2952244  ;    0 ;  1301   ; cheio!
2952400  ;    0 ;  1387   ; cheio!
2952541  ;    0 ;  1118   ; cheio!
2952678  ;    0 ;  1397   ; cheio!
2952815  ;    0 ;  1404   ; cheio!
2952950  ;    0 ;  1358   ; cheio!
2953088  ;    0 ;  1401   ; cheio!
2954798  ;    0 ;  1172   ; cheio!
2954962  ;    0 ;   798   ; cheio!
2955107  ;    0 ;  1173   ; cheio!
2955240  ;    0 ;  1174   ; cheio!
2955377  ;    0 ;   866   ; cheio!
2955513  ;    0 ;  1175   ; cheio!
2955648  ;    0 ;   812   ; cheio!
2955791  ;    0 ;  1149   ; cheio!
2955901  ;    0 ;  1176   ; cheio!
2956031  ;    0 ;   969   ; cheio!
2956165  ;    0 ;   863   ; cheio!
2956300  ;    0 ;   933   ; cheio!
2956419  ;    0 ;   783   ; cheio!
2956551  ;    0 ;   811   ; cheio!
2956673  ;    0 ;   873   ; cheio!
2956805  ;    0 ;   833   ; cheio!
2956940  ;    0 ;   719   ; cheio!
2957079  ;    0 ;   789   ; cheio!
2957216  ;    0 ;   838   ; cheio!
2957350  ;    0 ;   861   ; cheio!
2957485  ;    0 ;   874   ; cheio!
2957609  ;    0 ;   929   ; cheio!
2957726  ;    0 ;   720   ; cheio!
2957858  ;    0 ;   942   ; cheio!
2957978  ;    0 ;   844   ; cheio!
2958107  ;    0 ;   923   ; cheio!
2958223  ;    0 ;   786   ; cheio!
2958353  ;    0 ;   853   ; cheio!
2958496  ;    0 ;   858   ; cheio!
2958630  ;    0 ;   864   ; cheio!
2958761  ;    0 ;   934   ; cheio!
2958880  ;    0 ;   715   ; cheio!
2959011  ;    0 ;   859   ; cheio!
2959140  ;    0 ;   876   ; cheio!
2959256  ;    0 ;   829   ; cheio!
2959388  ;    0 ;   788   ; cheio!
2959521  ;    0 ;   803   ; cheio!
2959668  ;    0 ;  1177   ; cheio!
2959808  ;    0 ;  1186   ; cheio!
2970503  ;    0 ;  1298   ; cheio!
2970674  ;    0 ;  1178   ; cheio!
2970741  ;    0 ;  1187   ; cheio!
2970803  ;    0 ;  1179   ; cheio!
2970885  ;    0 ;  1188   ; cheio!
2970946  ;    0 ;  1180   ; cheio!
2971007  ;    0 ;  1189   ; cheio!
2971068  ;    0 ;  1181   ; cheio!
2971362  ;    0 ;  1190   ; cheio!
2984645  ;    0 ;  1182   ; cheio!
2984682  ;    0 ;  1320   ; cheio!
2984709  ;    0 ;  1191   ; cheio!
2984736  ;    0 ;  1183   ; cheio!
2984763  ;    0 ;  1192   ; cheio!
2984793  ;    0 ;  1184   ; cheio!
2984822  ;    0 ;  1193   ; cheio!
2984849  ;    0 ;  1151   ; cheio!
2984888  ;    0 ;  1194   ; cheio!
2984948  ;    0 ;  1195   ; cheio!
2985008  ;    0 ;  1196   ; cheio!
2985067  ;    0 ;  1197   ; cheio!
2985127  ;    0 ;  1198   ; cheio!
2985207  ;    0 ;  1199   ; cheio!
2985300  ;    0 ;   709   ; cheio!
2985428  ;    0 ;   708   ; cheio!
2985551  ;    0 ;  1200   ; cheio!
2985693  ;    0 ;   714   ; cheio!
2985821  ;    0 ;  1201   ; cheio!
2985996  ;    0 ;  1130   ; cheio!
2986095  ;    0 ;  1202   ; cheio!
2999248  ;    0 ;  1317   ; cheio!
2999310  ;    0 ;  1382   ; cheio!
2999541  ;    0 ;  1243   ; cheio!
2999603  ;    0 ;  1146   ; cheio!
2999685  ;    0 ;  1319   ; cheio!
2999770  ;    0 ;  1318   ; cheio!
2999841  ;    0 ;  1248   ; cheio!
3000539  ;    0 ;  1204   ; cheio!
3000882  ;    0 ;  1384   ; cheio!
3001148  ;    0 ;  1287   ; cheio!
3001492  ;    0 ;  1205   ; cheio!
3001728  ;    0 ;  1206   ; cheio!
3005595  ;    0 ;  1203   ; cheio!
3005725  ;    0 ;  1207   ; cheio!
3005832  ;    0 ;  1208   ; cheio!
3005937  ;    0 ;  1302   ; cheio!
3006056  ;    0 ;  1209   ; cheio!
3006177  ;    0 ;  1386   ; cheio!
3006294  ;    0 ;  1210   ; cheio!
3006480  ;    0 ;  1376   ; cheio!
3006612  ;    0 ;  1211   ; cheio!
3006733  ;    0 ;  1141   ; cheio!
3006851  ;    0 ;  1213   ; cheio!
3006965  ;    0 ;  1367   ; cheio!
3007083  ;    0 ;  1214   ; cheio!
3007200  ;    0 ;  1390   ; cheio!
3007325  ;    0 ;  1215   ; cheio!
3007449  ;    0 ;  1364   ; cheio!
3007565  ;    0 ;  1216   ; cheio!
3007717  ;    0 ;  1336   ; cheio!
3007844  ;    0 ;  1185   ; cheio!
3007962  ;    0 ;  1388   ; cheio!
3008079  ;    0 ;   968   ; cheio!
3008202  ;    0 ;  1356   ; cheio!
3008319  ;    0 ;   971   ; cheio!
3008440  ;    0 ;  1373   ; cheio!
3008560  ;    0 ;  1218   ; cheio!
3008687  ;    0 ;  1346   ; cheio!
3008800  ;    0 ;   943   ; cheio!
3008925  ;    0 ;  1378   ; cheio!
3009044  ;    0 ;   967   ; cheio!
3009161  ;    0 ;  1380   ; cheio!
3009277  ;    0 ;   945   ; cheio!
3009399  ;    0 ;  1332   ; cheio!
3009520  ;    0 ;  1132   ; cheio!
3009642  ;    0 ;  1117   ; cheio!
3009759  ;    0 ;  1365   ; cheio!
3009880  ;    0 ;  1370   ; cheio!
3010004  ;    0 ;  1371   ; cheio!
3010126  ;    0 ;  1138   ; cheio!
3010248  ;    0 ;  1425   ; cheio!
3010368  ;    0 ;  1286   ; cheio!
3010480  ;    0 ;  1395   ; cheio!
3010602  ;    0 ;  1372   ; cheio!
3010722  ;    0 ;  1307   ; cheio!
3010841  ;    0 ;  1353   ; cheio!
3010961  ;    0 ;  1347   ; cheio!
3011077  ;    0 ;  1290   ; cheio!
3011202  ;    0 ;  1134   ; cheio!
3011321  ;    0 ;  1148   ; cheio!
3011439  ;    0 ;  1300   ; cheio!
3011553  ;    0 ;  1359   ; cheio!
3011632  ;    0 ;  1277   ; cheio!
3011714  ;    0 ;  1284   ; cheio!
3011804  ;    0 ;  1274   ; cheio!
3011893  ;    0 ;  1281   ; cheio!
3011980  ;    0 ;  1279   ; cheio!
3012067  ;    0 ;  1283   ; cheio!
3012154  ;    0 ;  1222   ; cheio!
3012347  ;    0 ;  1150   ; cheio!
3012436  ;    0 ;  1238   ; cheio!
3012524  ;    0 ;  1241   ; cheio!
3012608  ;    0 ;  1245   ; cheio!
3012696  ;    0 ;  1260   ; cheio!
3012781  ;    0 ;  1270   ; cheio!
3012865  ;    0 ;  1272   ; cheio!
3012951  ;    0 ;  1269   ; cheio!
3013038  ;    0 ;  1275   ; cheio!
3013123  ;    0 ;  1316   ; cheio!
3013208  ;    0 ;  1267   ; cheio!
3013296  ;    0 ;  1227   ; cheio!
3013384  ;    0 ;  1231   ; cheio!
3013466  ;    0 ;   885   ; cheio!
3013970  ;    0 ;  1389   ; cheio!
3015035  ;    0 ;  1339   ; cheio!
3015161  ;    0 ;  1345   ; cheio!
3015233  ;    0 ;  1309   ; cheio!
3015304  ;    0 ;  1297   ; cheio!
3015461  ;    0 ;  1305   ; cheio!
3015553  ;    0 ;  1145   ; cheio!
3015707  ;    0 ;  1402   ; cheio!
3015863  ;    0 ;  1340   ; cheio!
3016045  ;    0 ;  1348   ; cheio!
3016275  ;    0 ;  1285   ; cheio!
3016488  ;    0 ;  1288   ; cheio!
3016578  ;    0 ;  1291   ; cheio!
3017009  ;    0 ;  1292   ; cheio!
3017279  ;    0 ;  1385   ; cheio!
3017405  ;    0 ;  1383   ; cheio!
3021367  ;    0 ;   895   ; cheio!
3021553  ;    0 ;   894   ; cheio!
3021696  ;    0 ;   893   ; cheio!
3021828  ;    0 ;   899   ; cheio!
3023715  ;    0 ;   904   ; cheio!
3023787  ;    0 ;  1119   ; cheio!
3023936  ;    0 ;  1256   ; cheio!
3024070  ;    0 ;  1258   ; cheio!
3024198  ;    0 ;  1251   ; cheio!
3024332  ;    0 ;  1229   ; cheio!
3024471  ;    0 ;  1233   ; cheio!
3024600  ;    0 ;  1223   ; cheio!
3024727  ;    0 ;  1235   ; cheio!
3024854  ;    0 ;  1246   ; cheio!
3025005  ;    0 ;  1120   ; cheio!
3025142  ;    0 ;  1221   ; cheio!
3025269  ;    0 ;  1220   ; cheio!
3025393  ;    0 ;  1217   ; cheio!
3025518  ;    0 ;  1122   ; cheio!
3025779  ;    0 ;  1244   ; cheio!
3025910  ;    0 ;  1314   ; cheio!
3026036  ;    0 ;  1255   ; cheio!
3026164  ;    0 ;  1261   ; cheio!
3026293  ;    0 ;  1264   ; cheio!
3026420  ;    0 ;  1265   ; cheio!
3026546  ;    0 ;  1310   ; cheio!
3026672  ;    0 ;  1324   ; cheio!
3026798  ;    0 ;  1328   ; cheio!
3026923  ;    0 ;  1212   ; cheio!
3027048  ;    0 ;  1239   ; cheio!
3027171  ;    0 ;  1323   ; cheio!
3027294  ;    0 ;  1321   ; cheio!
3027416  ;    0 ;  1128   ; cheio!
3027543  ;    0 ;  1121   ; cheio!
3027668  ;    0 ;  1329   ; cheio!
3027796  ;    0 ;  1129   ; cheio!
3027930  ;    0 ;  1327   ; cheio!
3028054  ;    0 ;   960   ; cheio!
3037728  ;    0 ;  1219   ; cheio!
3037932  ;    0 ;  1124   ; cheio!
3038145  ;    0 ;  1127   ; cheio!
3041370  ;    0 ;  1081   ; cheio!
3041535  ;    0 ;  1073   ; cheio!
3041626  ;    0 ;   746   ; cheio!
3041720  ;    0 ;  1060   ; cheio!
3041812  ;    0 ;   752   ; cheio!
3041903  ;    0 ;   762   ; cheio!
3041993  ;    0 ;   781   ; cheio!
3064942  ;    0 ;   972   ; cheio!
3077729  ;    0 ;  1426   ; cheio!
3152773  ;    0 ;  1417   ; cheio!
3168816  ;    0 ;  1427   ; cheio!
3168949  ;    0 ;  1411   ; cheio!
3169073  ;    0 ;  1414   ; cheio!
3169168  ;    0 ;  1405   ; cheio!
3169300  ;    0 ;  1408   ; cheio!
3169817  ;    0 ;  1415   ; cheio!
3170217  ;    0 ;  1421   ; cheio!
3170395  ;    0 ;  1428   ; cheio!
3170586  ;    0 ;  1409   ; cheio!
3827419  ;    0 ;  1429   ; cheio!
3839123  ;    0 ;  1431   ; cheio!
3865026  ;    0 ;  1433   ; cheio!
3895444  ;    0 ;  1434   ; cheio!
3942267  ;    0 ;  1430   ; cheio!
